video_id
118395
118395
118395
118395
118395
118395
118395
471658
481547
626026
637026
646107
749804
779096
803479
863268
884359
884359
884359
955920
956494
978850
994502
1017298
1026070
1108157
1109029
1154958
1185346
1378417
1392246
1418995
1447617
1592756
1711798
1774645
1881572
1912474
1961164
1988927
1989082
2007048
2113262
2253292
2285902
2516099
2604599
2826822
2912476
3008591
3067345
3117336
3256948
3272156
3322003
3363671
3369380
3386840
3477999
3720361
3792171
3811427
3921306
4011089
4179963
4238052
4345793
4488258
4566083
4646347
4670828
4679687
4736191
4828084
5010187
5075079
5081774
5130846
5142913
5182208
5294152
5323117
5336440
5363880
5391396
5507843
5606014
5689083
5696363
5734105
5735747
5862099
5993872
6045312
6130123
6249798
6253749
6284497
6304310
6459870
6493725
6531040
6605263
6631139
6946165
6954357
6967158
7101070
7125608
7338589
7354877
7422166
7671867
7721405
7750452
7808006
7877526
7893992
8169442
8185966
8334834
8337356
8504419
8508157
8647893
8669028
8837024
8956325
9145991
9173975
9174014
9270751
9293509
9465841
9842293
9953368
10019015
10471831
10860225
11077331
11160661
11228061
11229946
11274018
11305685
11513211
11532124
11558102
11584663
11661167
11808258
11918221
12049600
12069455
12080669
12084231
12126649
12128138
12129214
12198701
12390409
12423997
12672982
12697802
12932882
12980394
13010221
13110245
13123714
13340102
13394577
13533846
13730911
13758541
13768202
13794713
13951707
14138161
14219605
14294054
14540989
14715111
14736551
14773535
14775138
15016749
15021684
15023343
15257479
15263537
15273408
15572863
15607283
15835305
15835540
15928002
16051959
16558492
17065636
17138196
17157672
17364363
17432666
17499962
17575649
17607732
18081310
18312392
18336887
18439821
18499580
18625012
18661699
18829184
18851350
18879649
18890010
18948216
19089326
19169200
19286418
19356569
19474258
19516761
19695271
19756363
19788132
20061744
20351423
20462506
20498776
20598334
20663563
20745353
20850414
21042582
21137303
21144035
21148965
21198351
21406373
21465475
21579400
21703827
21835693
21878924
21936472
21968302
22009841
22208632
22288379
22382541
22391017
22449815
22589529
22607289
22669883
22681418
22721995
22775048
22835484
22894261
22912215
23044624
23178098
23199805
23391885
23755820
23798312
23896040
24030911
24052185
24315578
24651668
24879869
25198507
25230211
25348908
25395506
25413547
25568485
25573104
25584378
25597451
25650868
25686881
25829980
25943947
26051798
26107501
26112656
26156757
26189029
26423771
26464885
26747671
26941134
27127177
27246366
27256955
27299211
27527580
27615934
27710979
27748544
27912216
28220269
28304264
28628704
28682213
28717516
28735477
28760604
28916524
29274467
29328207
29400617
29461342
29631263
30232198
30298053
30355648
30376094
30402976
30465824
30585464
30604075
30698649
30984371
31044399
31184660
31268301
31360102
31431667
31956969
32001208
32256774
32364450
32438100
32711338
32959846
33150303
33235426
33294114
33320789
33340864
33385317
33414316
33480080
33749976
33822223
33870051
33952163
34255107
34316926
34382042
34426858
34460118
34750078
34872582
35054132
35478478
35546493
35571407
35720685
35775183
35840167
35976896
36491475
36549221
36563194
36595206
36768371
36873964
36908668
37082202
37101515
37145460
37145612
37176398
37234722
37278827
37445157
37617460
37624700
37973107
38153532
38218455
38514156
38580846
38771004
38799240
38850289
38850535
38874664
38931673
39043244
39056719
39218009
39327886
39425218
39630866
39700906
39739082
39822385
39863899
39871515
39945517
40006163
40351643
40471380
40526194
40549813
40752722
40847329
40963580
40977081
41165213
41329262
41336551
41363350
41551766
41730772
41929010
41930613
42109988
42361412
42411918
42444241
42462219
42546611
42680931
43028923
43144206
43385747
43607228
43725715
43977985
43986997
44050783
44149205
44155947
44336109
44339328
44383011
44405353
44583147
44600128
44633289
44740087
44760300
44859581
44922786
45068181
45102468
45150640
45269198
45281618
45322909
45358274
45478189
45515295
45558546
45569479
45684858
45725464
45734217
45825185
46100160
46141955
46431931
46497874
46882189
47006314
47246815
47765110
47894226
47915082
48011287
48488523
48723455
48944718
49023572
49059546
49222355
49243107
49300456
49580248
49827958
49854655
50286412
50425513
50507428
50513691
50742359
50795764
50917257
50936159
51159181
51217795
51232549
51297975
51315610
51386528
51535113
51601173
51876793
52306302
52375402
52744406
53032371
53188831
53193104
53444911
53618403
53821405
53838485
53855813
54004198
54038054
54040465
54085888
54144270
54228768
54390966
54471263
54529194
54585743
54596361
54680077
54793850
55026049
55084640
55090522
55393156
55769159
56062907
56136687
56286407
56433514
56722980
56835503
56974716
57084980
57094153
57125220
57148705
57197027
57395065
57446210
57460444
57747975
57812088
57815442
57863017
57959739
58015626
58022280
58032940
58179094
58179312
58224211
58232705
58241892
58445885
58449984
58450445
58511112
58531940
58580911
58617220
58626695
58646255
58661899
58729480
58822081
58822149
58827100
58894324
59026775
59047091
59102649
59106292
59140833
59144993
59179537
59230893
59362697
59376506
59393483
59400095
59426055
59584804
59618486
59642733
59700931
59740518
59858611
59892998
59940289
59956490
60097083
60098233
60131271
60199861
60243664
60358403
60370765
60438922
60453523
60763684
60777705
60779545
60827020
60989007
61217305
61266552
61347519
61483000
61527416
61533281
61575008
61581033
61677419
61810714
61835260
61903443
61969130
62071921
62085792
62086527
62126310
62152993
62201173
62267330
62317984
62353355
62468031
62509176
62596239
62615977
62741577
62773137
62779269
62855297
62869833
63028405
63082999
63200943
63253281
63265878
63339292
63359147
63502573
63507308
63528500
63603205
63796231
63804012
63804657
63823593
63844475
63960038
63987795
64114843
64176095
64182445
64225728
64585891
64673401
64899535
64951553
65025577
65107797
65160278
65205680
65236871
65244953
65255634
65337755
65347402
65353988
65358018
65472977
65475425
65529665
65535198
65536778
65629901
65669594
65758287
65775054
65780763
65836516
65902068
65926401
65976376
66039041
66115264
66252440
66257761
66372995
66487989
66570992
66576980
66599774
66797337
66843541
66845923
66903521
66929245
67051688
67216430
67249020
67419875
67452063
67457641
67487897
67497456
67501143
67544207
67554203
67576646
67596206
67596510
67658001
67710268
67719911
67768281
67809013
67871488
67926362
67935434
68024871
68028567
68129635
68137549
68149082
68160950
68175219
68180971
68229620
68307465
68322131
68331411
68433687
68463631
68468614
68473756
68476317
68481134
68596504
68688561
68721490
68768275
68817922
68866825
68952448
68993335
68997873
69104660
69228454
69309743
69365944
69375692
69441203
69462923
69476400
69483128
69496187
69540151
69649037
69655841
69668299
69683707
69700933
69708550
69823395
69840759
69872859
69988283
70002703
70036973
70161501
70286906
70395575
70422712
70424560
70443172
70453625
70534716
70587267
70600558
70764352
70775770
70813009
70884904
70889912
70948621
71184977
71226379
71238762
71316649
71349496
71432357
71695621
71742636
71748250
71838170
71841230
71853142
71872608
72168058
72205725
72384893
72397074
72546870
72625639
72666886
72670988
72676117
72709628
72837125
72922839
72992779
73006976
73022720
73214366
73305158
73365172
73412551
73486778
73537360
73554156
73617382
73688513
73822107
73825736
74013667
74068427
74114715
74158902
74222816
74333429
74472983
74591133
74627307
74645125
75017982
75113851
75188030
75195289
75196023
75215187
75281545
75444175
75491258
75532980
75640140
75746181
75781782
75844254
75849442
76040556
76047780
76084888
76127035
76320930
76324941
76357912
76425690
76428111
76477538
76482820
76512663
76566050
76612986
76771149
76778009
76841647
76857722
76917855
76920679
77045571
77178239
77270043
77359213
77418151
77484567
77490970
77555506
77579558
77647512
77677392
77689262
77703019
77703872
77729428
77777314
77894325
77944976
77949044
77984632
78011133
78058789
78065488
78123821
78139587
78254212
78329678
78424222
78433108
78442636
78514936
78678532
78716671
78802560
78894665
78909294
78966399
79031705
79057546
79210702
79380715
79426902
79592422
79623167
79695097
79733436
79834337
79850107
79898435
80178959
80209061
80218060
80547152
80672309
80702519
80736183
80759074
80883637
80977329
81006969
81136560
81324132
81341794
81730491
81750548
81766071
81847258
81902814
81957757
81973720
81986358
82002213
82012299
82090131
82278384
82299487
82395449
82405904
82437787
82542938
82648212
82747747
82931517
82954900
82965160
83107957
83261451
83296910
83390470
83408836
83467406
83480879
83571847
83577852
83687790
83826866
83910533
84024649
84058031
84175179
84204709
84241262
84346114
84421796
84657719
84713245
84751465
84752242
84811168
84861706
84867203
84910153
85107599
85147504
85147505
85147506
85517984
85530214
85596568
85696020
85697081
85825615
85852923
85914994
85976762
86083265
86149668
86224382
86290699
86295183
86295452
86362805
86364565
86528386

86661606
87026760
87050222
87322941
87453055
87492362
87526548
87564848
87672635
87696634
87766904
87874425
87897376
87939713
87986583
87993762
88082259
88131286
88353399
88422606
88764798
88797850
88836644
88989551
89013451
89093895
89203931
89396394
89417589
89465667
89501438
89503184
89503262
89515712
89711963
89845894
89856635
89908507
90044563
90149475
90191480
90204210
90206008
90208216
90378642
90429111
90549174
90603521
90640415
90687731
90747156
90865914
90921141
90949386
90961027
90979871
91011679
91039783
91112200
91157088
91184345
91244775
91315225
91642206
91903234
91973305
92022684
92224516
92240076
92259008
92369879
92383738
92471917
92504344
92712103
92764832
92767692
92798581
92829486
92845971
92869692
92889784
93013242
93052696
93093130
93105940
93124212
93175979
93292237
93350761
93519409
93544310
93575669
93576358
93585374
93629563
93723851
93877492
93951774
94017018
94087291
94395183
94449276
94502406
94587418
94611333
94786328
94957294
95036996
95079242
95205304
95251007
95255285
95342512
95456848
95482896
95601011
95689693
95732000
95757264
95844798
95845184
95870548
95943971
95995577
96000990
96023685
96063688
96186586
96256003
96438226
96472110
96505122
96516643
96573631
96594572
96616160
96769064
96882171
96944392
97044963
97088156
97102654
97122568
97202679
97310663
97313217
97428427
97718226
97748157
97812533
97814236
97816836
97875387
97916782
97996476
97999561
98119397
98247105
98358431
98438308
98490873
98571984
98624023
98638604
98741946
98751682
98911172
99006993
99373254
99446696
99491774
99493117
99541639
99610151
99612902
99694729
99713258
99722811
99735275
99909498
99913972
99992788
100024795
100140699
100200161
100238012
100463632
100551107
100576137
100685808
100694882
100740282
100751417
100957047
101030171
101082416
101094651
101098490
101188264
101238565
101300231
101417292
101548973
101957670
102006514
102505523
102550866
102605293
102609723
102643750
102671169
102678598
102824093
103313236
103316694
103364847
103389185
103425574
103437078
103448394
103468683
103583307
103697707
103721959
103890761
103996183
104270416
104566183
104833616
104890940
104894544
104990881
105023289
105035718
105149174
105260248
105264011
105274774
105329112
105335000
105475850
105492659
105585712
105589851
105634070
105718084
105840481
105847954
105962129
106105694
106124516
106164575
106272915
106534909
106538810
106547345
106808835
106835400
107021974
107046874
107174532
107390647
107395294
107435702
107435738
107454954
107532259
107535313
107578612
107685992
107692527
107963554
108118089
108190048
108303152
108496060
108499003
108650530
108679857
108753054
108838765
108843586
108888841
108891779
108986967
109013982
109054192
109092279
109169719
109527270
109558222
109677043
109873939
109994035
110014433
110034637
110065913
110077368
110149838
110164478
110421448
110455536
110566773
110802045
110808221
110940290
111087687
111184099
111431415
111475800
111627831
111747508
111910724
111951283
112078790
112208320
112310494
112314245
112361221
112483572
112491820
112578054
112687575
112803757
113001802
113248603
113321805
113537396
113868429
113964042
114044090
114092827
114536933
115070330
115082758
115134273
115165254
116213129
116582567
116635004
116708549
116725366
116746233
116829150
116976779
117047469
117162623
117249231
117371025
117395340
117475685
117513135
117725307
117733241
117770305
117777451
117910068
117934677
118120670
118261420
118290158
118453180
118479328
118489997
118589137
118606748
118801020
118834363
118853074
118919656
119044030
119054553
119089169
119319740
119430601
119533695
119682039
119756554
119778163
119869508
119890475
119908348
119932781
120239460
120338955
120351437
120475215
120562699
120662422
120788243
120816425
120872516
120878175
120882338
120960412
121023868
121234327
121359776
121428012
121449045
121450839
121465494
121473419
121582613
121810910
121857304
121865347
121871261
121986760
122009868
122038715
122104110
122325664
122375452
122396167
122569985
122574484
122625153
122706391
122733089
122786580
122941824
122951412
123004006
123158905
123206278
123333120
123454903
123508958
123538098
123764014
123764822
123943300
124168998
124250546
124256124
124307239
124307250
124313553
124400795
124780139
124927649
124954919
125089843
125235739
125292332
125301949
125434519
125471012
125508172
125527643
125637137
125655198
125791075
125893752
125904751
125927621
126060304
126077901
126087353
126089225
126091504
126106748
126177413
126580704
126725607
126742773
126775227
127084294
127126984
127295085
127335760
127404532
127423845
127447302
127472288
127529843
127628756
127692364
127885379
127983111
128077466
128122927
128191275
128273511
128349328
128367736
128418807
128467259
128714619
128840555
128877443
128947850
129051743
129107615
129346968
129368158
129487487
129677228
129710408
129766340
129844269
129902448
130004497
130011237
130165596
130276066
130537730
130612876
130695665
130848841
130881955
130908832
131096875
131229751
131236749
131368096
131376602
131586644
131832976
131892249
132135964
132144170
132183032
132194785
132336126
132454664
132616598
132693003
132742880
132804892
132980067
133019998
133021237
133022341
133054221
133122341
133217402
133267312
133342821
133386530
133396066
133501570
133555889
133760969
133952411
134096503
134134439
134235213
134249582
134281027
134300640
134352515
134542616
134560750
134616827
134635726
134668506
134832670
134945180
134957666
135249977
135288462
135373919
135510971
135523607
135900733
136080598
136084530
136103072
136114837
136119345
136228343
136249183
136333870
136337308
136501465
136764922
136907381
137116997
137413473
137531269
137741568
137752403
138036294
138215235
138706287
138720507
138986112
139011956
139034944
139304153
139304309
139359896
139463536
139549087
139551283
139753970
139909203
139911208
139929853
139992690
140161428
140163198
140252037
140311923
140327103
140413690
140620908
140681740
140719975
140767141
140973837
141044458
141178611
141263392
141286954
141419881
141488937
141506422
141514961
141518601
141567420
141734077
141749628
141812811
141891887
142175196
142221057
142324655
142407272
142716939
142794636
142974646
143161118
143243001
143296099
143320922
143363655
143498695
143534786
143595622
143631654
143647165
143703730
143806678
143831946
143934696
144008517
144242774
144503984
144538427
144539127
144557832
144609368
144736865
145005566
145043767
145108228
145115597
145149323
145154247
145251635
145702525
145706460
145836531
145897706
145972648
146152434
146224925
146226360
146331395
146344070
146534283
146781934
146820026
146869349
147069541
147315192
147392797
147520163
147758866
148054828
148160223
148183121
148198462
148380343
148470865
148626927
148769635
148845534
148853961
148860999
148871861
148927657
149000090
149057468
149133621
149220480
149326966
149390230
149458592
149578442
150015591
150187134
150188598
150244748
150594088
150635087
150726452
150799305
150803501
150823270
150824660
150877480
150928154
151002965
151132254
151850021
151926492
151931854
152158702
152371526
152452551
152477009
152673684
152787923
152909111
152985022
153011731
153345834
153483613
153695056
153733279
153783875
153864294
153887315
153952194
154036942
154058746
154188234
154206876
154265845
154478254
154588473
154653208
154733686
154739710
154766467
154828548
154915431
155036442
155214754
155262093
155347431
155360803
155394088
155534602
155572038
155603994
155641044
155673893
155676103
155696373
155733402
155774137
155834588
155836252
156015647
156050986
156147818
156213632
156327049
156399569
156412748
156873237
157039826
157065196
157100757
157221452
157562955
157895209
157988409
158056236
158100651
158166124
158316231
158647901
158784449
158787140
158980966
159048928
159069175
159120552
159575697
159650991
159749836
159788008
160024074
160564090
160571222
160595256
160640015
160720205
160751249
160797307
160856876
161138158
161316218
161363089
161458411
161526014
161599224
161683895
161757232
162052542
162066639
162334918
162335075
162434937
162551938
162638502
162708494
162736398
162791169
162803063
162839746
162945779
163045235
163153865
163177535
163226315
163412957
163554899
163578226
163841258
164034292
164076380
164195616
164214179
164252748
164391552
164460709
164562375
164679514
164769476
164804416
164841921
164884034
164940065
164996458
165007400
165049949
165053513
165069458
165441527
165473248
165509812
165554473
165701358
165733043
165972886
166018897
166118287
166132587
166284984
166344435
166364543
166491603
166892154
166896478
166968180
166984061
166991542
167012321
167083972
167086547
167089970
167111872
167193973
167248494
167381045
167409747
167414855
167433178
167593733
167667154
167869564
167910027
167929086
168025338
168067174
168139667
168232487
168232590
168314107
168339606
168482392
168499224
168639256
168920644
169007268
169066314
169093115
169523280
169539501
169559334
169598313
169599296
169697352
170127382
170155454
170162245
170442483
170485631
170745803
170818311
170911960
171247523
171365895
171385266
171701857
172288767
172321141
172355597
172368839
172371231
172490277
172634448
172911816
172933813
173102273
173120760
173259530
173387642
173429247
173524321
173541384
173652088
173725659
173741104
173905411
173959909
174158118
174190102
174201461
174351947
174361458
174513377
174544848
175183081
175208967
175266909
175351994
175358041
175492845
175738725
176201581
176248673
176275186
176283349
176329517
176337266
176508773
176513811
176519262
176587685
176637319
176703851
176721523
176795301
176890848
176894130
176944387
176951948
176952646
177026461
177237096
177237133
177405067